2050,2050,1,100.0,null,Exam,1
2051,2050,2,100.0,null,Exam,2
2052,2050,4,100.0,null,Exam,3
2053,2050,12,100.0,null,Exam,4
2054,2050,18,100.0,null,Exam,5
2055,2050,20,100.0,null,Exam,6
2056,2050,21,100.0,null,Exam,6
2057,2050,19,100.0,null,Exam,7
2058,2100,1,100.0,null,Exam,1
2059,2100,2,100.0,null,Exam,2
2060,2100,4,100.0,null,Exam,3
2061,2100,15,100.0,null,Exam,4
2062,2100,12,100.0,null,Exam,5
2063,2100,18,100.0,null,Exam,6
2064,2100,19,100.0,null,Exam,7
2065,2100,21,100.0,null,Exam,7
2066,2150,1,40.0,null,Verbal,1
2067,2150,1,40.0,null,Exam,1
2068,2150,1,20.0,null,Other,1
2069,2150,2,50.0,null,Verbal,2
2070,2150,2,50.0,null,Exam,2
2071,2150,4,40.0,null,Exam,3
2072,2150,4,40.0,null,Verbal,3
2073,2150,4,20.0,null,Project,3
2074,2150,12,40.0,null,Verbal,4
2075,2150,12,40.0,null,Exam,4
2076,2150,12,20.0,null,Project,4
2077,2150,18,40.0,null,Exam,5
2078,2150,18,40.0,null,Verbal,5
2079,2150,18,20.0,null,Project,5
2080,2150,19,20.0,null,Project,6
2081,2150,19,40.0,null,Exam,6
2082,2150,19,40.0,null,Verbal,6
2083,2150,21,20.0,null,Project,7
2084,2150,21,40.0,null,Exam,7
2085,2150,21,40.0,null,Verbal,7
2086,2200,1,20.0,null,Other,1
2087,2200,1,40.0,null,Exam,1
2088,2200,1,40.0,null,Verbal,1
2089,2200,2,40.0,null,Verbal,2
2090,2200,2,40.0,null,Exam,2
2091,2200,2,20.0,null,Other,2
2092,2200,9,50.0,null,Exam,3
2093,2200,9,50.0,null,Verbal,3
2094,2200,4,20.0,null,Project,4
2095,2200,4,40.0,null,Exam,4
2096,2200,4,40.0,null,Verbal,4
2097,2200,12,40.0,null,Verbal,5
2098,2200,12,40.0,null,Exam,5
2099,2200,12,20.0,null,Project,5
3050,2200,16,40.0,null,Verbal,6
3051,2200,16,40.0,null,Exam,6
3052,2200,16,20.0,null,Project,6
3053,2200,18,20.0,null,Project,7
3054,2200,18,40.0,null,Verbal,7
3055,2200,18,40.0,null,Exam,7
3056,2200,19,40.0,null,Exam,8
3057,2200,19,40.0,null,Verbal,8
3058,2200,19,20.0,null,Project,8
3059,2200,21,50.0,null,Exam,9
3060,2200,20,50.0,null,Exam,9
3061,2201,1,20.0,null,Other,1
3062,2201,1,40.0,null,Exam,1
3063,2201,1,40.0,null,Verbal,1
3064,2201,2,50.0,null,Verbal,2
3065,2201,2,50.0,null,Exam,2
3066,2201,4,40.0,null,Verbal,3
3067,2201,4,40.0,null,Exam,3
3068,2201,4,20.0,null,Project,3
3069,2201,12,20.0,null,Project,4
3070,2201,12,40.0,null,Verbal,4
3071,2201,12,40.0,null,Exam,4
3072,2201,18,40.0,null,Verbal,5
3073,2201,18,40.0,null,Exam,5
3074,2201,16,20.0,null,Project,5
3075,2201,19,100.0,null,Exam,6
3076,2201,19,50.0,null,Project,6
3077,2201,20,50.0,null,Exam,7
3078,2201,21,50.0,null,Exam,7
154000,110503,1,100.0,null,Exam,1
154001,110503,1,50.0,null,Exam,2
154002,110503,9,50.0,null,Exam,2
154003,110503,3,50.0,null,Exam,3
154004,110503,10,50.0,null,Exam,3
154005,110503,16,100.0,null,Exam,4
154050,110503,12,100.0,null,Exam,5
154051,111500,1,100.0,null,Exam,1
154052,111500,1,200.0,Java Verbal,Verbal,1
154054,111500,1,50.0,Java Other,Other,1
154055,111500,1,150.0,null,Project,1
154056,111500,2,150.0,null,Project,2
154057,111500,2,200.0,null,Verbal,2
154058,111500,2,100.0,null,Exam,2
154059,111500,2,50.0,null,Other,2
154060,111500,3,400.0,null,Project,3
154061,111500,3,200.0,null,Verbal,3
154062,111500,3,200.0,null,Exam,3
154063,111500,12,50.0,null,Other,4
154064,111500,12,100.0,null,Exam,4
154065,111500,12,200.0,null,Verbal,4
154066,111500,12,200.0,null,Project,4
154067,111500,18,100.0,null,Exam,5
154068,111500,18,100.0,null,Verbal,5
154069,111500,18,150.0,null,Project,5
154070,111500,19,100.0,null,Exam,6
154071,111500,19,100.0,null,Verbal,6
154072,111500,19,150.0,null,Project,6
154073,110503,18,50.0,null,Exam,6
154074,110503,18,25.0,null,Verbal,6
154075,110503,19,25.0,null,Verbal,6
154076,110503,19,50.0,null,Exam,6
155000,110503,22,100.0,null,Exam,7
155001,110503,20,100.0,null,Exam,7
155002,110503,21,100.0,null,Exam,7
155003,110503,21,50.0,null,Verbal,7
155004,110503,20,50.0,null,Verbal,7
155005,110503,22,50.0,null,Verbal,7
155006,112500,1,20.0,null,Other,1
155007,112500,1,40.0,null,Verbal,1
155008,112500,1,40.0,null,Project,1
155009,112500,1,40.0,null,Exam,1
155010,112504,1,75.0,Java Exam,Verbal,1
155011,112504,1,75.0,Java Exam,Exam,1
155012,112500,2,40.0,null,Exam,2
155013,112500,2,40.0,null,Project,2
155014,112500,2,40.0,null,Verbal,2
155015,112500,2,20.0,null,Other,2
155016,112504,2,50.0,null,Exam,2
155017,112504,2,50.0,null,Verbal,2
155018,112503,10,25.0,HTML Exam,Exam,1
155019,112503,11,25.0,CSS Exam,Exam,1
155020,112503,12,50.0,JavaScript Exam,Exam,1
155024,112503,11,25.0,null,Verbal,1
155025,112503,10,25.0,null,Verbal,1
155026,112503,12,50.0,null,Verbal,1
155027,112505,1,100.0,null,Exam,1
155028,112505,1,100.0,null,Verbal,1
155029,112505,1,100.0,null,Other,1
155030,112505,2,100.0,null,Exam,2
155031,112505,2,100.0,null,Other,2
155032,112505,2,100.0,null,Verbal,2
155033,112505,3,100.0,null,Exam,3
155034,112505,3,100.0,null,Other,3
155035,112505,3,100.0,null,Verbal,3
155036,112505,12,100.0,null,Exam,4
155037,112505,12,100.0,null,Verbal,4
155038,112501,1,100.0,null,Exam,1
155039,112501,1,100.0,Java Verbal,Verbal,1
155040,112501,1,100.0,null,Project,1
155041,112501,1,10.0,null,Other,1
155042,112501,1,1.0,null,Other,1
155043,112500,3,40.0,null,Exam,3
155044,112500,3,40.0,null,Verbal,3
155045,112504,10,20.0,null,Verbal,3
155046,112504,11,20.0,null,Verbal,3
155047,112504,14,20.0,null,Verbal,3
155048,112504,12,20.0,null,Verbal,3
155049,112504,12,20.0,null,Exam,3
156000,112504,10,20.0,null,Exam,3
156001,112504,11,20.0,null,Exam,3
156002,112504,14,20.0,null,Exam,3
156003,112503,40,100.0,null,Exam,2
156004,112503,40,100.0,null,Verbal,2
157000,112500,12,40.0,null,Exam,4
157001,112500,12,40.0,null,Verbal,4
157004,112501,2,100.0,null,Exam,2
157005,112500,12,20.0,null,Other,4
157006,112504,3,100.0,null,Verbal,4
157007,112504,3,100.0,null,Exam,4
157009,112503,20,50.0,null,Exam,3
157010,112503,21,50.0,null,Exam,3
157011,112500,3050,50.0,null,Project,4
157012,112500,18,10.0,Hibernate Exam,Exam,5
157013,112500,18,50.0,Hibernate Verbal,Verbal,5
157014,113500,1,100.0,null,Exam,1
157015,113500,1,100.0,null,Verbal,1
157018,113501,1,200.0,null,Exam,1
157019,113501,1,100.0,null,Verbal,1
157020,113501,7,100.0,null,Exam,1
157021,113501,7,50.0,null,Verbal,1
157022,113501,8,50.0,null,Verbal,1
157023,113501,8,100.0,null,Exam,1
157024,112506,38,100.0,null,Exam,8
157025,112506,19,100.0,null,Exam,6
157030,112511,1,20.0,null,Project,1
157031,112511,1,40.0,null,Verbal,1
157032,112511,1,40.0,null,Exam,1
157038,112511,2,40.0,null,Verbal,2
157039,112511,2,40.0,null,Exam,2
157041,112511,2,20.0,null,Project,2
157042,112511,3,50.0,null,Verbal,3
157043,112511,3,50.0,null,Exam,3
157044,112511,12,25.0,JavaScript Verbal,Verbal,4
157045,112511,12,50.0,null,Exam,4
157046,113501,2,100.0,null,Exam,2
157047,113501,2,50.0,null,Verbal,2
157048,113501,9,50.0,null,Verbal,2
157049,113501,9,100.0,null,Exam,2
158001,113500,2,100.0,null,Verbal,2
158002,112500,19,50.0,null,Exam,6
158003,112500,19,50.0,null,Verbal,6
158005,113500,2,100.0,null,Exam,2
158009,112511,18,15.0,Hibernate Verbal,Verbal,5
158010,112511,18,35.0,Hibernate Exam,Exam,5
158011,112511,3050,20.0,J2EE Project,Project,5
158012,112511,22,25.0,null,Verbal,4
158013,112511,16,15.0,AWS Verbal,Verbal,5
158014,112511,17,15.0,Jenkins Verbal,Verbal,5
158015,112501,2,100.0,null,Verbal,2
158016,112501,2,100.0,null,Project,2
158017,112504,20,50.0,null,Exam,5
158018,112504,21,50.0,null,Exam,5
158019,112504,20,50.0,null,Verbal,5
158020,112504,21,50.0,null,Verbal,5
158021,113503,1,100.0,null,Other,1
158022,113503,1,100.0,null,Project,1
158023,112500,3050,60.0,null,Project,6
158024,112500,21,30.0,null,Exam,7
158025,112500,20,30.0,null,Exam,7
158026,112500,22,30.0,null,Exam,7
158027,113500,3,100.0,null,Verbal,3
158028,113500,3,100.0,null,Exam,3
158029,113501,3,150.0,null,Exam,3
158030,113501,3,50.0,null,Verbal,3
158031,113501,12,50.0,null,Verbal,3
158032,113501,12,100.0,null,Exam,3
158033,113501,22,100.0,null,Exam,3
158034,113501,22,50.0,null,Verbal,3
158035,112501,4,100.0,Java Exam,Exam,4
158036,113503,1,100.0,null,Verbal,1
158037,112511,19,40.0,null,Verbal,6
158038,112511,19,40.0,null,Exam,6
158040,113503,1,100.0,null,Exam,1
158042,112511,19,20.0,null,Project,6
158043,112511,20,25.0,null,Exam,7
158044,112511,21,25.0,null,Exam,7
158045,112511,21,25.0,null,Verbal,7
158046,112511,20,25.0,null,Verbal,7
158047,113501,16,100.0,null,Exam,4
158048,113501,15,100.0,null,Exam,4
158049,113501,18,100.0,null,Exam,4
159000,113501,35,100.0,null,Exam,4
159001,113501,17,100.0,null,Exam,4
159002,113501,18,50.0,null,Verbal,4
159003,113501,16,50.0,null,Verbal,4
159004,113501,35,50.0,null,Verbal,4
159005,113501,17,50.0,null,Verbal,4
159006,113500,18,100.0,null,Exam,4
159007,113500,18,100.0,null,Verbal,4
159008,113503,2,100.0,null,Verbal,2
159009,113503,2,100.0,null,Other,2
159010,113501,30,100.0,null,Exam,4
159011,113503,2,100.0,null,Project,2
159012,113503,2,100.0,null,Exam,2
159013,113501,19,100.0,null,Exam,5
159014,113501,19,50.0,null,Verbal,5
159015,113500,19,100.0,null,Exam,5
159016,113500,19,100.0,null,Verbal,5
159017,113503,3,100.0,null,Exam,3
159018,113503,3,100.0,null,Verbal,3
159019,113503,1,100.0,null,Project,3
159020,113500,20,100.0,null,Exam,6
159021,113500,20,100.0,null,Verbal,6
159022,113501,21,100.0,null,Exam,6
159023,113501,21,50.0,null,Verbal,6
159024,113501,3051,100.0,null,Exam,6
159025,113501,3051,50.0,null,Verbal,6
159026,113501,31,100.0,null,Verbal,7
159027,113503,19,100.0,null,Exam,5
159028,113504,1,100.0,null,Exam,2
159029,113504,1,100.0,null,Exam,4
159030,113504,1,100.0,null,Exam,3
159031,113503,21,100.0,null,Exam,6
159032,113505,40,100.0,null,Exam,1
159033,113505,2,100.0,null,Exam,2
159034,113505,41,100.0,null,Exam,3
159035,113503,19,100.0,null,Project,6
159036,113508,40,100.0,null,Exam,1
159037,113508,40,100.0,null,Verbal,1
159038,113506,1,100.0,null,Exam,1
159039,113513,1,100.0,null,Exam,1
159040,113506,3,100.0,null,Exam,3
159041,113513,1,100.0,null,Verbal,1
159042,113513,1,100.0,null,Project,1
159043,113506,1,100.0,null,Verbal,1
159044,113506,2,100.0,null,Exam,2
159045,113506,2,100.0,null,Verbal,2
159046,113506,3,100.0,null,Verbal,3
159047,113515,1,100.0,null,Exam,1
159048,113515,1,100.0,null,Verbal,1
159049,113515,1,100.0,null,Other,1
160000,113506,12,100.0,null,Exam,4
160001,113506,22,100.0,null,Exam,4
160002,113506,12,100.0,null,Verbal,4
160003,113513,2,100.0,null,Exam,2
160004,113513,2,100.0,null,Verbal,2
160005,113513,2,50.0,SQL Other,Other,2
160006,113511,12,10.0,null,Verbal,1
161000,113515,2,100.0,null,Exam,2
161001,113515,2,100.0,null,Verbal,2
161002,113515,2,25.0,null,Other,2
161004,113515,2,100.0,null,Other,2
161005,113516,1,100.0,null,Verbal,1
161006,113516,1,1.0,null,Exam,1
161007,113516,1,100.0,null,Exam,1
161008,113513,3050,100.0,null,Exam,3
161009,113513,3050,100.0,null,Verbal,3
161010,113506,16,100.0,null,Exam,5
161011,113506,18,100.0,null,Exam,5
161012,113506,2,100.0,null,Exam,5
161013,113506,18,100.0,null,Verbal,5
161014,113516,1,25.0,null,Other,1
161015,113515,3,100.0,null,Exam,3
161016,113515,10,100.0,null,Exam,3
161017,113515,3,100.0,null,Other,3
161018,113515,3,100.0,null,Verbal,3
161019,113515,9,100.0,null,Project,3
161020,113513,14,100.0,null,Exam,4
161021,113513,14,100.0,null,Verbal,4
161022,113516,2,100.0,null,Verbal,2
161023,113516,2,100.0,null,Exam,2
161024,113516,1,100.0,null,Project,1
161027,114501,1,25.0,null,Exam,1
161028,114501,2,25.0,null,Exam,1
161029,114501,3,25.0,null,Exam,1
161031,114501,12,25.0,null,Exam,1
161032,113516,2,100.0,null,Project,2
161033,113516,3,100.0,null,Verbal,3
161034,113513,16,100.0,null,Verbal,5
161035,113506,23,100.0,null,Exam,6
161036,113506,24,100.0,null,Verbal,6
161037,113506,21,100.0,null,Verbal,7
161038,113506,21,100.0,null,Exam,7
161039,113513,16,100.0,null,Exam,5
161040,114501,1,25.0,null,Verbal,1
161041,114501,2,25.0,null,Verbal,1
161042,114501,3,25.0,null,Verbal,1
161043,114501,12,25.0,null,Verbal,1
161044,113516,12,100.0,null,Exam,3
161045,114502,1,100.0,null,Exam,1
161046,114502,1,100.0,null,Other,1
161047,114502,1,100.0,null,Verbal,1
161048,113515,12,100.0,null,Exam,4
161049,113515,12,100.0,null,Other,4
162000,113515,12,100.0,null,Verbal,4
162001,113515,18,100.0,null,Exam,5
162002,113515,17,50.0,null,Exam,5
162003,113515,18,100.0,null,Verbal,5
162004,113515,18,100.0,null,Verbal,5
163000,113513,19,100.0,null,Exam,6
163001,113513,19,100.0,null,Verbal,6
163002,114503,1,100.0,null,Exam,1
163003,114503,1,100.0,null,Verbal,1
163004,113516,3,100.0,null,Project,4
163005,113516,3,100.0,null,Verbal,4
163006,114503,1,100.0,null,Project,1
163007,114503,1,1.0,null,Other,1
163008,114502,2,100.0,null,Exam,2
163009,113515,19,100.0,null,Exam,6
163010,114502,1,100.0,null,Project,2
163011,113515,19,100.0,null,Project,6
163012,113515,19,100.0,null,Verbal,6
163013,114502,2,100.0,null,Verbal,2
163014,113516,4050,100.0,null,Verbal,4
163050,114501,3050,50.0,null,Project,2
163051,114501,3050,50.0,null,Verbal,2
163053,113505,17,100.0,null,Exam,4
163054,113505,21,100.0,null,Exam,5
163055,113505,22,100.0,null,Exam,6
163056,114503,2,60.0,null,Other,2
163057,113513,21,100.0,null,Exam,7
163058,113513,21,100.0,null,Verbal,7
163059,115500,1,100.0,null,Exam,1
163060,114503,2,100.0,null,Verbal,2
163061,114503,2,100.0,null,Exam,2
163062,114503,1,1.0,null,Other,2
163063,113515,20,35.0,null,Exam,7
163064,113515,21,23.0,null,Exam,7
163065,113515,21,50.0,REST Project,Project,7
163066,113515,20,25.0,SOAP Verbal,Verbal,7
163067,113515,21,25.0,REST Verbal,Verbal,7
163068,115500,1,100.0,null,Project,1
163069,115500,2,100.0,null,Exam,2
163070,115500,2,100.0,null,Verbal,2
163071,115502,1,40.0,null,Exam,1
163072,115502,1,40.0,null,Verbal,1
163074,115502,1,20.0,null,Other,1
163075,115503,1,100.0,null,Exam,2
163076,115503,1,100.0,null,Verbal,2
163077,115503,1,100.0,null,Project,2
163078,114503,3,100.0,null,Verbal,3
163079,114503,3,100.0,null,Exam,3
163080,114503,1,1.0,null,Exam,3
163081,113516,4050,100.0,null,Verbal,6
163082,113516,4050,100.0,null,Project,6
163083,115502,2,35.0,null,Exam,2
163084,115502,2,35.0,null,Verbal,2
163085,115502,2,10.0,null,Other,2
163086,115502,1,20.0,null,Project,2
163087,113516,4050,1.0,null,Other,7
163088,114503,12,80.0,null,Other,4
163089,114503,12,100.0,null,Exam,4
163090,115503,2,100.0,null,Exam,3
163091,114503,1,100.0,null,Project,5
163092,115503,10,100.0,null,Project,4
163093,114503,18,100.0,null,Exam,5
163094,115502,12,50.0,null,Exam,3
163095,115502,12,50.0,null,Verbal,3
163097,115502,3,25.0,null,Exam,4
163098,115502,3,25.0,null,Verbal,4
163099,115502,5050,25.0,AngularJS Exam,Exam,4
164000,115502,5050,25.0,AngularJS Verbal,Verbal,4
164001,114503,18,100.0,null,Verbal,5
164002,114503,19,100.0,null,Exam,6
164003,115504,1,100.0,null,Exam,1
164004,115504,1,100.0,null,Verbal,1
164005,115504,1,100.0,null,Project,1
164006,115500,3,100.0,null,Exam,3
164007,115503,14,100.0,null,Project,5
164008,115503,3,100.0,null,Verbal,5
164009,115500,12,100.0,null,Exam,4
164010,115500,18,100.0,null,Exam,5
164011,115500,1,100.0,null,Project,5
164012,115505,40,100.0,null,Exam,1
164015,115502,16,10.0,null,Exam,5
164016,115502,16,10.0,null,Verbal,5
164017,115502,17,10.0,null,Exam,5
164018,115502,17,10.0,Jenkins Verbal,Verbal,5
164019,115502,18,10.0,null,Exam,5
164020,115502,18,10.0,null,Verbal,5
164021,115502,3050,35.0,J2EE Project,Project,5
164022,115506,1,100.0,Java Other,Verbal,1
164023,115506,1,100.0,null,Exam,1
164024,115504,2,100.0,null,Exam,2
164025,115504,2,100.0,null,Verbal,2
164026,115504,2,100.0,null,Project,2
164027,115505,2,100.0,null,Exam,2
164028,115500,31,100.0,null,Exam,6
164029,115500,31,100.0,null,Verbal,6
164030,114502,3,100.0,null,Exam,3
164031,114502,18,100.0,null,Exam,4
164032,114502,19,100.0,null,Exam,5
164033,115502,17,5.0,null,Project,5
164034,114502,20,100.0,null,Exam,6
164035,114502,1,100.0,null,Project,4
164036,114502,1,100.0,null,Project,6
164037,114502,3,100.0,null,Verbal,3
164038,114502,19,100.0,null,Verbal,5
164039,114502,1,100.0,null,Other,7
164040,115504,12,100.0,null,Verbal,3
164041,115506,2,100.0,null,Exam,2
164042,115506,2,100.0,null,Verbal,2
164043,115502,19,50.0,null,Exam,6
164044,115502,19,50.0,null,Verbal,6
164045,115504,12,100.0,null,Exam,3
164046,115504,5050,100.0,null,Verbal,4
164047,115505,41,100.0,null,Exam,3
164048,115504,5050,100.0,null,Exam,4
165000,115506,12,100.0,null,Exam,3
165001,115506,1,100.0,null,Exam,3
165002,115506,12,100.0,null,Verbal,3
165003,115504,18,100.0,Hibernate Project,Verbal,5
165004,115502,21,13.0,REST Exam,Exam,7
165005,115502,20,13.0,SOAP Exam,Exam,7
165006,115502,38,13.0,Microservices Exam,Exam,7
165007,115502,38,13.0,Microservices Verbal,Verbal,7
165008,115502,20,13.0,SOAP Verbal,Verbal,7
165009,115502,21,13.0,REST Verbal,Verbal,7
165010,115502,3050,22.0,Spring Project,Project,7
165011,115509,1,20.0,null,Other,1
165012,115504,18,100.0,null,Exam,5
166000,115507,1,100.0,null,Exam,1
166001,115507,1,100.0,null,Verbal,1
166002,115507,3,100.0,null,Exam,3
166003,115507,3,100.0,null,Verbal,3
166004,115506,3,100.0,null,Exam,4
166005,115506,5050,100.0,null,Exam,4
166006,115506,3,100.0,null,Project,4
166007,116500,1,100.0,null,Exam,1
166008,116500,1,100.0,Java Verbal,Verbal,1
166009,115504,19,100.0,null,Verbal,6
166010,115509,1,50.0,null,Exam,1
166011,115509,1,50.0,null,Verbal,1
166012,115508,40,40.0,null,Exam,1
166013,115508,40,40.0,null,Verbal,1
166014,115508,40,20.0,null,Other,1
166015,115508,2,50.0,null,Exam,2
166016,115508,2,50.0,null,Verbal,2
166017,115509,1,50.0,null,Project,1
166018,115504,19,100.0,null,Exam,6
166019,115507,16,100.0,null,Exam,5
166020,115507,1,200.0,Java Project,Project,5
166021,115507,18,100.0,null,Project,5
166022,115506,18,100.0,null,Exam,5
166023,115506,16,100.0,null,Exam,5
166024,115506,16,100.0,null,Verbal,5
166025,115509,2,50.0,null,Exam,2
166026,115509,2,50.0,null,Verbal,2
166027,115507,19,100.0,null,Exam,6
166028,115504,38,100.0,null,Verbal,7
166029,115509,2,50.0,null,Project,2
166030,115504,38,100.0,null,Exam,7
166031,115509,10,10.0,null,Exam,3
166032,115509,11,10.0,null,Exam,3
166033,115509,12,50.0,null,Exam,3
166034,115506,23,100.0,null,Exam,6
166035,115509,12,50.0,null,Verbal,3
166036,116502,1,100.0,null,Verbal,1
166038,116502,1,100.0,null,Exam,1
166039,116502,1,1.0,Java Other,Other,1
166040,115509,12,10.0,null,Other,3
166041,115509,2,10.0,null,Other,2
166042,115505,30,100.0,Angular Exam,Exam,6
166043,115505,17,100.0,Jenkins Exam,Verbal,4
166044,115505,21,100.0,REST Exam,Verbal,5
166045,116500,2,100.0,SQL Exam,Exam,2
166046,116500,2,100.0,SQL Project,Project,2
166047,115509,3050,30.0,null,Project,3
167024,115509,16,50.0,null,Exam,5
